493183132 7338 56745 284
494277325 7339 56804 161
494598405 7339 56808 443
494598467 7339 56751 448
494951694 7338 56717 123
495138223 7340 56829 8
495533506 7339 56683 396
495533506 7338 56660 415
495537311 7339 56795 336
495642177 7339 56772 126
495642177 7339 56768 136
496036227 7339 56722 379
496404334 7339 56795 99
496432667 7339 56720 287
496432667 7339 56749 339
496432667 7339 56722 335
496432667 7338 56717 337
496490598 7339 56768 479
496490598 7339 56755 479
496490598 7339 56751 479
496691995 7339 56782 109
496691995 7339 56795 109
496691995 7339 56783 109
496691995 7340 56726 102
496950318 7338 56660 104
497143902 7338 56717 67
497143902 7339 56783 64
497143931 7339 56686 25
497401526 7339 56808 67
497401526 7339 56813 67
497642886 7338 56717 354
497642886 7338 56660 348
497891533 7339 56813 387
497937285 7338 56745 146
498179139 7340 56726 153
498289948 7339 56808 303
498289948 7339 56813 303
498716629 7339 56720 355
498765490 7339 56747 393
498765490 7339 56749 393
498790577 7338 56660 157
499291236 7339 56715 219
499291236 7339 56697 219
499493375 7339 56780 480
499493375 7339 56772 480
499715469 7338 56664 540
499718150 7339 56747 540
500292053 7339 56795 994
500541496 7339 56795 992
500823397 7339 56720 790
500838640 7339 56739 690
500838640 7338 56664 648
501817059 7338 56664 524
501904151 7339 56683 883
502090929 7340 56825 570
502090929 7340 56833 570
502090929 7340 56837 570
502180523 7338 56664 871
502180648 7339 56813 844
502180648 7339 56808 844
502214050 7338 56664 729
502214111 7338 56660 726
502422257 7338 56664 875
502422257 7339 56804 823
502422257 7339 56749 829
502790345 7338 56717 838
502790412 7339 56722 858
502790538 7338 56660 876
502790538 7338 56745 856
502988445 7339 56813 946
503060761 7339 56722 817
503240425 7339 56739 760
503462159 7339 56772 676
503462581 7339 56813 719
504073852 7339 56751 844
504073852 7339 56755 844
504073852 7339 56768 844
504498474 7339 56747 583
504604008 7339 56808 830
504604159 7339 56720 767
504604159 7339 56813 789
505122728 7340 56726 741
505139665 7339 56808 632
