493975555 7339 57451 163
493975555 7339 57481 163
494296639 7339 56755 448
494492851 7339 57435 241
494492851 7339 57451 241
494762077 7338 57166 444
495231445 7340 57106 413
495235252 7339 57451 330
495235252 7339 57463 296
495340106 7338 57067 136
495734014 7339 56722 379
495734014 7339 56751 477
495734014 7339 56755 477
495960334 7339 57518 382
495960372 7339 56747 417
495960372 7339 56749 417
496102066 7339 56795 99
496104784 7338 57067 213
496104784 7339 57082 216
496104784 7339 57463 162
496104784 7340 57106 209
496130391 7340 57106 335
496188318 7339 56751 479
496188318 7339 56755 479
496188318 7339 56768 479
496389662 7339 56782 109
496389662 7339 56795 109
496389662 7339 56799 109
496389662 7339 57435 101
496389662 7339 57451 101
496389662 7340 56726 102
496566103 7339 57082 6
496669338 7339 57463 442
496669338 7339 57492 458
496669338 7339 57510 458
496754917 7338 57050 182
496754917 7339 57463 184
496841189 7340 56825 54
496841363 7338 57067 29
496841552 7339 57492 3
496841552 7339 57510 3
496896615 7340 57196 486
497098015 7338 57159 305
497098015 7338 57166 305
497099045 7339 57463 79
497099086 7338 57135 106
497099086 7339 57435 111
497340462 7338 56717 354
497634789 7339 57451 141
497757933 7338 57159 204
497757933 7338 57166 204
497782795 7339 56720 485
498051745 7338 57159 464
498051745 7338 57166 464
498187020 7338 57159 210
498187020 7338 57166 210
498187020 7339 57451 307
498239356 7339 57518 350
498299508 7338 57038 439
498299508 7338 57135 433
498299508 7338 57166 427
498414045 7339 56720 355
498462902 7339 56747 393
498462902 7339 56749 393
498487971 7338 56664 151
498487971 7338 57038 145
498487971 7338 57159 149
498487971 7339 57451 149
498750795 7338 57127 499
498750795 7338 57135 499
498750795 7340 57196 500
498971349 7339 56747 518
498971349 7340 57106 520
498988608 7338 57050 199
499218122 7338 56717 975
499412338 7339 57518 618
499412788 7338 56664 540
499415471 7339 56747 540
499415471 7339 56808 538
499415471 7339 56813 538
499415471 7339 57510 540
499645413 7340 57106 696
499645427 7338 57038 691
499645427 7338 57050 691
499645427 7338 57127 691
499730248 7338 57135 858
499989429 7338 57067 997
499989429 7339 56795 994
500126953 7339 57510 528
500144194 7339 57510 611
500144194 7340 57106 614
500144325 7338 57038 616
500144372 7339 57518 619
500239122 7339 57518 975
500260775 7339 57518 690
500520461 7338 57067 766
500535940 7339 57463 682
500535940 7339 57518 688
500588236 7339 56747 508
500588236 7339 56795 508
500588236 7339 56799 508
500588236 7339 57510 510
500589261 7339 57428 855
500589261 7339 57435 855
500589497 7338 57050 885
500589497 7338 57067 881
500628775 7339 57518 570
500628775 7340 57196 567
500756007 7339 57451 762
500770180 7339 57435 646
500770549 7339 56755 675
500770549 7339 56804 641
500770549 7339 57518 647
501026615 7339 56808 724
501026615 7339 56813 724
501026615 7340 57196 721
501140394 7338 57159 539
501143668 7339 57428 986
501291781 7339 57518 684
501601270 7339 56683 883
501788074 7339 57518 563
501788074 7340 56825 570
501788074 7340 56829 570
501788074 7340 56833 570
501788074 7340 56837 570
501877668 7338 57067 839
501877668 7339 57518 829
501877793 7339 56808 844
501877793 7339 56813 844
501877793 7339 57082 844
501877793 7339 57435 842
501911234 7338 57127 724
501911234 7338 57135 724
502119349 7338 57067 831
502119349 7339 57451 831
502487400 7338 56717 838
502487592 7338 56660 876
502487592 7338 56745 856
502674996 7339 57518 623
502674996 7340 56833 631
502674996 7340 56837 631
502675311 7338 57067 664
502781541 7339 57510 552
502975442 7338 57067 912
502975442 7339 57481 915
503159686 7339 56813 719
503770882 7339 56751 844
503770882 7339 56755 844
503770882 7339 56768 844
503770882 7339 57510 864
504195395 7339 56747 583
504195395 7340 57106 583
504301076 7339 56720 767
504301076 7339 56813 789
504819650 7339 57510 741
504819650 7340 56726 741
504819650 7340 57106 743
504836540 7339 57451 624
504836540 7339 57463 624
504836572 7339 57518 622
