493516438 7338 57050 243
493516438 7338 57159 291
493516438 7340 57106 242
493975555 7339 57451 163
494296639 7339 56755 448
494492851 7339 57435 241
494492851 7339 57451 241
494649801 7338 57166 133
494761865 7340 57196 410
494984142 7338 57067 283
495231445 7340 57106 413
495340106 7338 57067 136
495734014 7339 56722 379
495960334 7339 57518 382
495960372 7339 56747 417
495960372 7339 56749 417
496104784 7338 57067 213
496104784 7339 57082 216
496104784 7339 57463 162
496104784 7340 57106 209
496130391 7338 56717 337
496188318 7339 56751 479
496188318 7339 56755 479
496188318 7339 56768 479
496389662 7339 56782 109
496389662 7339 56783 109
496389662 7339 56795 109
496389662 7339 56799 109
496389662 7339 57435 101
496389662 7339 57451 101
496389662 7340 56726 102
496399118 7338 57038 339
496648363 7339 57463 112
496669338 7339 57463 442
496669338 7339 57492 458
496669338 7339 57510 458
496754917 7338 57050 182
496841363 7338 57067 29
496841552 7339 57510 3
496896615 7340 57196 486
497099045 7339 57463 79
497099086 7338 57127 106
497099086 7338 57135 106
497099086 7339 57428 111
497099086 7339 57435 111
497340462 7338 56717 354
497340462 7340 57196 350
497634789 7338 56745 146
497634789 7338 57038 146
497634789 7339 57451 141
497634830 7338 57050 145
497757933 7338 57159 204
497757933 7338 57166 204
497782795 7338 57038 489
497782795 7339 56720 485
497782795 7340 57196 485
497876643 7339 57451 152
497987442 7339 56808 303
497987442 7339 56813 303
498187020 7339 57451 307
498299508 7338 57166 427
498414045 7339 56720 355
498462902 7339 56747 393
498462902 7339 56749 393
498487971 7338 56664 151
498487971 7338 57038 145
498487971 7339 57451 149
498487971 7340 57196 157
498663981 7339 56795 22
498750795 7338 57127 499
498750795 7338 57135 499
498750795 7340 57196 500
498971349 7338 57159 524
498971349 7339 56747 518
498971349 7339 56780 530
498988608 7338 57038 197
498988608 7338 57050 199
499218122 7339 57451 899
499412338 7339 57518 618
499412788 7338 56664 540
499479868 7339 56751 900
499479868 7339 57451 898
499645427 7338 57127 691
500028539 7340 57196 738
500126953 7339 57510 528
500144194 7340 57106 614
500144325 7338 57038 616
500144372 7338 57038 606
500144372 7339 57518 619
500395874 7339 57435 573
500395874 7339 57463 571
500535940 7339 57518 688
500589497 7338 57050 885
500589497 7338 57067 881
500589497 7339 57510 890
500628775 7339 57518 570
500770180 7339 57435 646
500770549 7339 57518 647
500853933 7338 57166 823
500853933 7339 57510 847
501140394 7338 56664 501
501143668 7339 57428 986
501386211 7338 57135 808
501601270 7339 56683 883
501788074 7339 57518 563
501788074 7340 56825 570
501788074 7340 56829 570
501788074 7340 56833 570
501788074 7340 56837 570
501877668 7338 57067 839
501877668 7339 57518 829
501877745 7339 57451 833
501877793 7339 56808 844
501877793 7339 56813 844
501877793 7339 57082 844
501877793 7339 57435 842
501911234 7339 56772 776
502119349 7338 57067 831
502148794 7339 56772 769
502487400 7338 56717 838
502487466 7339 56722 858
502487592 7338 56660 876
502487592 7338 56745 856
502674996 7339 57518 623
502937432 7339 56739 760
502937432 7339 57510 760
502975442 7338 57067 912
503159263 7339 56772 676
503159686 7339 56795 715
503159686 7339 56813 719
503434244 7338 57067 708
503770882 7339 56751 844
503770882 7339 56755 844
503770882 7339 56768 844
504195395 7339 56747 583
504195395 7340 57106 583
504301076 7339 56720 767
504301076 7339 56813 789
504819650 7339 57518 743
504819650 7340 56726 741
504819650 7340 57106 743
504836540 7339 57451 624
504836540 7339 57463 624
504836572 7339 57518 622
504836588 7338 57135 625
505192171 7339 57428 823
